idx	tag	id	class	display	x	y	width	height	margin_t	margin_r	margin_b	margin_l	padding_t	padding_r	padding_b	padding_l	border_t	border_r	border_b	border_l	flex_grow	flex_shrink	position
0	html			other	0.00	0.00	1024.00	2485.00	0.00	0.00	0.00	0.00	0.00	0.00	0.00	0.00	0.00	0.00	0.00	0.00	0.00	1.00	static
1	head			other	0.00	0.00	1024.00	0.00	0.00	0.00	0.00	0.00	0.00	0.00	0.00	0.00	0.00	0.00	0.00	0.00	0.00	1.00	static
2	script			other	0.00	0.00	1024.00	0.00	0.00	0.00	0.00	0.00	0.00	0.00	0.00	0.00	0.00	0.00	0.00	0.00	0.00	1.00	static
3	meta			other	0.00	0.00	1024.00	0.00	0.00	0.00	0.00	0.00	0.00	0.00	0.00	0.00	0.00	0.00	0.00	0.00	0.00	1.00	static
4	script			other	0.00	0.00	1024.00	0.00	0.00	0.00	0.00	0.00	0.00	0.00	0.00	0.00	0.00	0.00	0.00	0.00	0.00	1.00	static
5	script			other	0.00	0.00	1024.00	0.00	0.00	0.00	0.00	0.00	0.00	0.00	0.00	0.00	0.00	0.00	0.00	0.00	0.00	1.00	static
6	script			other	0.00	0.00	1024.00	0.00	0.00	0.00	0.00	0.00	0.00	0.00	0.00	0.00	0.00	0.00	0.00	0.00	0.00	1.00	static
7	link			other	0.00	0.00	1024.00	0.00	0.00	0.00	0.00	0.00	0.00	0.00	0.00	0.00	0.00	0.00	0.00	0.00	0.00	1.00	static
8	link			other	0.00	0.00	1024.00	0.00	0.00	0.00	0.00	0.00	0.00	0.00	0.00	0.00	0.00	0.00	0.00	0.00	0.00	1.00	static
9	link			other	0.00	0.00	1024.00	0.00	0.00	0.00	0.00	0.00	0.00	0.00	0.00	0.00	0.00	0.00	0.00	0.00	0.00	1.00	static
10	link			other	0.00	0.00	1024.00	0.00	0.00	0.00	0.00	0.00	0.00	0.00	0.00	0.00	0.00	0.00	0.00	0.00	0.00	1.00	static
11	link			other	0.00	0.00	1024.00	0.00	0.00	0.00	0.00	0.00	0.00	0.00	0.00	0.00	0.00	0.00	0.00	0.00	0.00	1.00	static
12	title			other	0.00	0.00	1024.00	0.00	0.00	0.00	0.00	0.00	0.00	0.00	0.00	0.00	0.00	0.00	0.00	0.00	0.00	1.00	static
13	link			other	0.00	0.00	1024.00	0.00	0.00	0.00	0.00	0.00	0.00	0.00	0.00	0.00	0.00	0.00	0.00	0.00	0.00	1.00	static
14	link			other	0.00	0.00	1024.00	0.00	0.00	0.00	0.00	0.00	0.00	0.00	0.00	0.00	0.00	0.00	0.00	0.00	0.00	1.00	static
15	link			other	0.00	0.00	1024.00	0.00	0.00	0.00	0.00	0.00	0.00	0.00	0.00	0.00	0.00	0.00	0.00	0.00	0.00	1.00	static
16	meta			other	0.00	0.00	1024.00	0.00	0.00	0.00	0.00	0.00	0.00	0.00	0.00	0.00	0.00	0.00	0.00	0.00	0.00	1.00	static
17	meta			other	0.00	0.00	1024.00	0.00	0.00	0.00	0.00	0.00	0.00	0.00	0.00	0.00	0.00	0.00	0.00	0.00	0.00	1.00	static
18	meta			other	0.00	0.00	1024.00	0.00	0.00	0.00	0.00	0.00	0.00	0.00	0.00	0.00	0.00	0.00	0.00	0.00	0.00	1.00	static
19	link			other	0.00	0.00	1024.00	0.00	0.00	0.00	0.00	0.00	0.00	0.00	0.00	0.00	0.00	0.00	0.00	0.00	0.00	1.00	static
20	link			other	0.00	0.00	1024.00	0.00	0.00	0.00	0.00	0.00	0.00	0.00	0.00	0.00	0.00	0.00	0.00	0.00	0.00	1.00	static
21	meta			other	0.00	0.00	1024.00	0.00	0.00	0.00	0.00	0.00	0.00	0.00	0.00	0.00	0.00	0.00	0.00	0.00	0.00	1.00	static
22	meta			other	0.00	0.00	1024.00	0.00	0.00	0.00	0.00	0.00	0.00	0.00	0.00	0.00	0.00	0.00	0.00	0.00	0.00	1.00	static
23	script			other	0.00	0.00	1024.00	0.00	0.00	0.00	0.00	0.00	0.00	0.00	0.00	0.00	0.00	0.00	0.00	0.00	0.00	1.00	static
24	script			other	0.00	0.00	1024.00	0.00	0.00	0.00	0.00	0.00	0.00	0.00	0.00	0.00	0.00	0.00	0.00	0.00	0.00	1.00	static
25	link			other	0.00	0.00	1024.00	0.00	0.00	0.00	0.00	0.00	0.00	0.00	0.00	0.00	0.00	0.00	0.00	0.00	0.00	1.00	static
26	link			other	0.00	0.00	1024.00	0.00	0.00	0.00	0.00	0.00	0.00	0.00	0.00	0.00	0.00	0.00	0.00	0.00	0.00	1.00	static
27	link			other	0.00	0.00	1024.00	0.00	0.00	0.00	0.00	0.00	0.00	0.00	0.00	0.00	0.00	0.00	0.00	0.00	0.00	1.00	static
28	link			other	0.00	0.00	1024.00	0.00	0.00	0.00	0.00	0.00	0.00	0.00	0.00	0.00	0.00	0.00	0.00	0.00	0.00	1.00	static
29	script			other	0.00	0.00	1024.00	0.00	0.00	0.00	0.00	0.00	0.00	0.00	0.00	0.00	0.00	0.00	0.00	0.00	0.00	1.00	static
30	script			other	0.00	0.00	1024.00	0.00	0.00	0.00	0.00	0.00	0.00	0.00	0.00	0.00	0.00	0.00	0.00	0.00	0.00	1.00	static
31	script			other	0.00	0.00	1024.00	0.00	0.00	0.00	0.00	0.00	0.00	0.00	0.00	0.00	0.00	0.00	0.00	0.00	0.00	1.00	static
32	script			other	0.00	0.00	1024.00	0.00	0.00	0.00	0.00	0.00	0.00	0.00	0.00	0.00	0.00	0.00	0.00	0.00	0.00	1.00	static
33	script			other	0.00	0.00	1024.00	0.00	0.00	0.00	0.00	0.00	0.00	0.00	0.00	0.00	0.00	0.00	0.00	0.00	0.00	1.00	static
34	script			other	0.00	0.00	1024.00	0.00	0.00	0.00	0.00	0.00	0.00	0.00	0.00	0.00	0.00	0.00	0.00	0.00	0.00	1.00	static
35	script			other	0.00	0.00	1024.00	0.00	0.00	0.00	0.00	0.00	0.00	0.00	0.00	0.00	0.00	0.00	0.00	0.00	0.00	1.00	static
36	script			other	0.00	0.00	1024.00	0.00	0.00	0.00	0.00	0.00	0.00	0.00	0.00	0.00	0.00	0.00	0.00	0.00	0.00	1.00	static
37	script			other	0.00	0.00	1024.00	0.00	0.00	0.00	0.00	0.00	0.00	0.00	0.00	0.00	0.00	0.00	0.00	0.00	0.00	1.00	static
38	script			other	0.00	0.00	1024.00	0.00	0.00	0.00	0.00	0.00	0.00	0.00	0.00	0.00	0.00	0.00	0.00	0.00	0.00	1.00	static
39	script			other	0.00	0.00	1024.00	0.00	0.00	0.00	0.00	0.00	0.00	0.00	0.00	0.00	0.00	0.00	0.00	0.00	0.00	1.00	static
40	script			other	0.00	0.00	1024.00	0.00	0.00	0.00	0.00	0.00	0.00	0.00	0.00	0.00	0.00	0.00	0.00	0.00	0.00	1.00	static
41	script			other	0.00	0.00	1024.00	0.00	0.00	0.00	0.00	0.00	0.00	0.00	0.00	0.00	0.00	0.00	0.00	0.00	0.00	1.00	static
42	script			other	0.00	0.00	1024.00	0.00	0.00	0.00	0.00	0.00	0.00	0.00	0.00	0.00	0.00	0.00	0.00	0.00	0.00	1.00	static
43	link			other	0.00	0.00	1024.00	0.00	0.00	0.00	0.00	0.00	0.00	0.00	0.00	0.00	0.00	0.00	0.00	0.00	0.00	1.00	static
44	script			other	0.00	0.00	1024.00	0.00	0.00	0.00	0.00	0.00	0.00	0.00	0.00	0.00	0.00	0.00	0.00	0.00	0.00	1.00	static
45	link			other	0.00	0.00	1024.00	0.00	0.00	0.00	0.00	0.00	0.00	0.00	0.00	0.00	0.00	0.00	0.00	0.00	0.00	1.00	static
46	link			other	0.00	0.00	1024.00	0.00	0.00	0.00	0.00	0.00	0.00	0.00	0.00	0.00	0.00	0.00	0.00	0.00	0.00	1.00	static
47	link			other	0.00	0.00	1024.00	0.00	0.00	0.00	0.00	0.00	0.00	0.00	0.00	0.00	0.00	0.00	0.00	0.00	0.00	1.00	static
48	style		global_styles	other	0.00	0.00	1024.00	0.00	0.00	0.00	0.00	0.00	0.00	0.00	0.00	0.00	0.00	0.00	0.00	0.00	0.00	1.00	static
49	style		masthead_shell	other	0.00	0.00	1024.00	0.00	0.00	0.00	0.00	0.00	0.00	0.00	0.00	0.00	0.00	0.00	0.00	0.00	0.00	1.00	static
50	style	ext-styles	masthead_custom_styles	other	0.00	0.00	1024.00	0.00	0.00	0.00	0.00	0.00	0.00	0.00	0.00	0.00	0.00	0.00	0.00	0.00	0.00	1.00	static
51	style		searchbox	other	0.00	0.00	1024.00	0.00	0.00	0.00	0.00	0.00	0.00	0.00	0.00	0.00	0.00	0.00	0.00	0.00	0.00	1.00	static
52	style		kevlar_global_styles	other	0.00	0.00	1024.00	0.00	0.00	0.00	0.00	0.00	0.00	0.00	0.00	0.00	0.00	0.00	0.00	0.00	0.00	1.00	static
53	meta			other	0.00	0.00	1024.00	0.00	0.00	0.00	0.00	0.00	0.00	0.00	0.00	0.00	0.00	0.00	0.00	0.00	0.00	1.00	static
54	link			other	0.00	0.00	1024.00	0.00	0.00	0.00	0.00	0.00	0.00	0.00	0.00	0.00	0.00	0.00	0.00	0.00	0.00	1.00	static
55	link			other	0.00	0.00	1024.00	0.00	0.00	0.00	0.00	0.00	0.00	0.00	0.00	0.00	0.00	0.00	0.00	0.00	0.00	1.00	static
56	script			other	0.00	0.00	1024.00	0.00	0.00	0.00	0.00	0.00	0.00	0.00	0.00	0.00	0.00	0.00	0.00	0.00	0.00	1.00	static
57	script			other	0.00	0.00	1024.00	0.00	0.00	0.00	0.00	0.00	0.00	0.00	0.00	0.00	0.00	0.00	0.00	0.00	0.00	1.00	static
58	script			other	0.00	0.00	1024.00	0.00	0.00	0.00	0.00	0.00	0.00	0.00	0.00	0.00	0.00	0.00	0.00	0.00	0.00	1.00	static
59	body			other	0.00	0.00	1024.00	2485.00	0.00	0.00	0.00	0.00	0.00	0.00	0.00	0.00	0.00	0.00	0.00	0.00	0.00	1.00	static
60	script			other	0.00	0.00	1024.00	0.00	0.00	0.00	0.00	0.00	0.00	0.00	0.00	0.00	0.00	0.00	0.00	0.00	0.00	1.00	static
61	script			other	0.00	0.00	1024.00	0.00	0.00	0.00	0.00	0.00	0.00	0.00	0.00	0.00	0.00	0.00	0.00	0.00	0.00	1.00	static
62	script			other	0.00	0.00	1024.00	0.00	0.00	0.00	0.00	0.00	0.00	0.00	0.00	0.00	0.00	0.00	0.00	0.00	0.00	1.00	static
63	iframe			none	0.00	0.00	1024.00	0.00	0.00	0.00	0.00	0.00	0.00	0.00	0.00	0.00	0.00	0.00	0.00	0.00	0.00	1.00	static
64	ytd-app			other	0.00	0.00	1024.00	56.00	0.00	0.00	0.00	0.00	0.00	0.00	0.00	0.00	0.00	0.00	0.00	0.00	0.00	1.00	absolute
65	ytd-masthead	masthead	shell 	flex	0.00	0.00	1024.00	56.00	0.00	0.00	0.00	0.00	0.00	0.00	0.00	0.00	0.00	0.00	0.00	0.00	0.00	1.00	fixed
66	div	search-container	ytd-searchbox-spt	other	0.00	20.00	0.00	0.00	0.00	0.00	0.00	0.00	0.00	0.00	0.00	0.00	0.00	0.00	0.00	0.00	0.00	1.00	absolute
67	div	search-input	ytd-searchbox-spt	other	0.00	20.00	0.00	0.00	0.00	0.00	0.00	0.00	0.00	0.00	0.00	0.00	0.00	0.00	0.00	0.00	0.00	1.00	static
68	input	search		other	4.00	20.00	0.00	0.00	0.00	0.00	0.00	4.00	0.00	0.00	0.00	0.00	0.00	0.00	0.00	0.00	1.00	1.00	static
69	svg	menu-icon	external-icon	other	16.00	0.00	40.00	40.00	0.00	0.00	0.00	16.00	8.00	8.00	8.00	8.00	0.00	0.00	0.00	0.00	0.00	1.00	static
70	g	menu	yt-icons-ext	other	24.00	8.00	24.00	0.00	0.00	0.00	0.00	0.00	0.00	0.00	0.00	0.00	0.00	0.00	0.00	0.00	0.00	1.00	static
71	path			other	24.00	8.00	24.00	0.00	0.00	0.00	0.00	0.00	0.00	0.00	0.00	0.00	0.00	0.00	0.00	0.00	0.00	1.00	static
72	div	masthead-logo		flex	56.00	10.00	484.00	20.00	0.00	0.00	0.00	0.00	0.00	0.00	0.00	0.00	0.00	0.00	0.00	0.00	1.00	1.00	static
73	a			none	224.00	40.00	0.00	40.00	0.00	0.00	0.00	0.00	0.00	0.00	0.00	0.00	0.00	0.00	0.00	0.00	0.00	1.00	static
74	svg	yt-ringo2-svg		other	224.00	40.00	40.00	40.00	0.00	0.00	0.00	0.00	8.00	8.00	8.00	8.00	0.00	0.00	0.00	0.00	0.00	1.00	static
75	g			other	232.00	48.00	24.00	0.00	0.00	0.00	0.00	0.00	0.00	0.00	0.00	0.00	0.00	0.00	0.00	0.00	0.00	1.00	static
76	path			other	232.00	48.00	24.00	0.00	0.00	0.00	0.00	0.00	0.00	0.00	0.00	0.00	0.00	0.00	0.00	0.00	0.00	1.00	static
77	path			other	232.00	48.00	24.00	0.00	0.00	0.00	0.00	0.00	0.00	0.00	0.00	0.00	0.00	0.00	0.00	0.00	0.00	1.00	static
78	g	youtube-paths		other	232.00	48.00	24.00	0.00	0.00	0.00	0.00	0.00	0.00	0.00	0.00	0.00	0.00	0.00	0.00	0.00	0.00	1.00	static
79	path			other	232.00	48.00	24.00	0.00	0.00	0.00	0.00	0.00	0.00	0.00	0.00	0.00	0.00	0.00	0.00	0.00	0.00	1.00	static
80	path			other	232.00	48.00	24.00	0.00	0.00	0.00	0.00	0.00	0.00	0.00	0.00	0.00	0.00	0.00	0.00	0.00	0.00	1.00	static
81	path			other	232.00	48.00	24.00	0.00	0.00	0.00	0.00	0.00	0.00	0.00	0.00	0.00	0.00	0.00	0.00	0.00	0.00	1.00	static
82	path			other	232.00	48.00	24.00	0.00	0.00	0.00	0.00	0.00	0.00	0.00	0.00	0.00	0.00	0.00	0.00	0.00	0.00	1.00	static
83	path			other	232.00	48.00	24.00	0.00	0.00	0.00	0.00	0.00	0.00	0.00	0.00	0.00	0.00	0.00	0.00	0.00	0.00	1.00	static
84	path			other	232.00	48.00	24.00	0.00	0.00	0.00	0.00	0.00	0.00	0.00	0.00	0.00	0.00	0.00	0.00	0.00	0.00	1.00	static
85	path			other	232.00	48.00	24.00	0.00	0.00	0.00	0.00	0.00	0.00	0.00	0.00	0.00	0.00	0.00	0.00	0.00	0.00	1.00	static
86	a			none	224.00	40.00	0.00	40.00	0.00	0.00	0.00	0.00	0.00	0.00	0.00	0.00	0.00	0.00	0.00	0.00	0.00	1.00	static
87	svg	yt-ringo2-red-svg	external-icon	other	224.00	40.00	40.00	40.00	0.00	0.00	0.00	0.00	8.00	8.00	8.00	8.00	0.00	0.00	0.00	0.00	0.00	1.00	static
88	g			other	232.00	48.00	24.00	0.00	0.00	0.00	0.00	0.00	0.00	0.00	0.00	0.00	0.00	0.00	0.00	0.00	0.00	1.00	static
89	path			other	232.00	48.00	24.00	0.00	0.00	0.00	0.00	0.00	0.00	0.00	0.00	0.00	0.00	0.00	0.00	0.00	0.00	1.00	static
90	path			other	232.00	48.00	24.00	0.00	0.00	0.00	0.00	0.00	0.00	0.00	0.00	0.00	0.00	0.00	0.00	0.00	0.00	1.00	static
91	g	youtube-paths		other	232.00	48.00	24.00	0.00	0.00	0.00	0.00	0.00	0.00	0.00	0.00	0.00	0.00	0.00	0.00	0.00	0.00	1.00	static
92	path			other	232.00	48.00	24.00	0.00	0.00	0.00	0.00	0.00	0.00	0.00	0.00	0.00	0.00	0.00	0.00	0.00	0.00	1.00	static
93	path			other	232.00	48.00	24.00	0.00	0.00	0.00	0.00	0.00	0.00	0.00	0.00	0.00	0.00	0.00	0.00	0.00	0.00	1.00	static
94	path			other	232.00	48.00	24.00	0.00	0.00	0.00	0.00	0.00	0.00	0.00	0.00	0.00	0.00	0.00	0.00	0.00	0.00	1.00	static
95	path			other	232.00	48.00	24.00	0.00	0.00	0.00	0.00	0.00	0.00	0.00	0.00	0.00	0.00	0.00	0.00	0.00	0.00	1.00	static
96	path			other	232.00	48.00	24.00	0.00	0.00	0.00	0.00	0.00	0.00	0.00	0.00	0.00	0.00	0.00	0.00	0.00	0.00	1.00	static
97	path			other	232.00	48.00	24.00	0.00	0.00	0.00	0.00	0.00	0.00	0.00	0.00	0.00	0.00	0.00	0.00	0.00	0.00	1.00	static
98	path			other	232.00	48.00	24.00	0.00	0.00	0.00	0.00	0.00	0.00	0.00	0.00	0.00	0.00	0.00	0.00	0.00	0.00	1.00	static
99	span	country-code		other	56.00	10.00	482.00	20.00	0.00	2.00	0.00	0.00	0.00	0.00	0.00	0.00	0.00	0.00	0.00	0.00	0.00	1.00	static
100	div	masthead-skeleton-icons		flex	540.00	4.00	484.00	32.00	0.00	0.00	0.00	0.00	0.00	0.00	0.00	0.00	0.00	0.00	0.00	0.00	1.00	1.00	static
101	div		masthead-skeleton-icon	other	888.00	4.00	32.00	32.00	0.00	8.00	0.00	8.00	0.00	0.00	0.00	0.00	0.00	0.00	0.00	0.00	0.00	1.00	static
102	div		masthead-skeleton-icon	other	936.00	4.00	32.00	32.00	0.00	8.00	0.00	8.00	0.00	0.00	0.00	0.00	0.00	0.00	0.00	0.00	0.00	1.00	static
103	div		masthead-skeleton-icon	other	984.00	4.00	32.00	32.00	0.00	8.00	0.00	8.00	0.00	0.00	0.00	0.00	0.00	0.00	0.00	0.00	0.00	1.00	static
104	a			none	0.00	0.00	1024.00	800.00	0.00	0.00	0.00	0.00	0.00	0.00	0.00	0.00	0.00	0.00	0.00	0.00	0.00	1.00	static
105	#text			inline	0.00	0.00	1024.00	800.00	0.00	0.00	0.00	0.00	0.00	0.00	0.00	0.00	0.00	0.00	0.00	0.00	0.00	1.00	static
106	a			none	0.00	0.00	1024.00	800.00	0.00	0.00	0.00	0.00	0.00	0.00	0.00	0.00	0.00	0.00	0.00	0.00	0.00	1.00	static
107	#text			inline	0.00	0.00	1024.00	800.00	0.00	0.00	0.00	0.00	0.00	0.00	0.00	0.00	0.00	0.00	0.00	0.00	0.00	1.00	static
108	a			none	0.00	0.00	1024.00	800.00	0.00	0.00	0.00	0.00	0.00	0.00	0.00	0.00	0.00	0.00	0.00	0.00	0.00	1.00	static
109	#text			inline	0.00	0.00	1024.00	800.00	0.00	0.00	0.00	0.00	0.00	0.00	0.00	0.00	0.00	0.00	0.00	0.00	0.00	1.00	static
110	a			none	0.00	0.00	1024.00	800.00	0.00	0.00	0.00	0.00	0.00	0.00	0.00	0.00	0.00	0.00	0.00	0.00	0.00	1.00	static
111	#text			inline	0.00	0.00	1024.00	800.00	0.00	0.00	0.00	0.00	0.00	0.00	0.00	0.00	0.00	0.00	0.00	0.00	0.00	1.00	static
112	a			none	0.00	0.00	1024.00	800.00	0.00	0.00	0.00	0.00	0.00	0.00	0.00	0.00	0.00	0.00	0.00	0.00	0.00	1.00	static
113	#text			inline	0.00	0.00	1024.00	800.00	0.00	0.00	0.00	0.00	0.00	0.00	0.00	0.00	0.00	0.00	0.00	0.00	0.00	1.00	static
114	a			none	0.00	0.00	1024.00	800.00	0.00	0.00	0.00	0.00	0.00	0.00	0.00	0.00	0.00	0.00	0.00	0.00	0.00	1.00	static
115	#text			inline	0.00	0.00	1024.00	800.00	0.00	0.00	0.00	0.00	0.00	0.00	0.00	0.00	0.00	0.00	0.00	0.00	0.00	1.00	static
116	a			none	0.00	0.00	1024.00	800.00	0.00	0.00	0.00	0.00	0.00	0.00	0.00	0.00	0.00	0.00	0.00	0.00	0.00	1.00	static
117	#text			inline	0.00	0.00	1024.00	800.00	0.00	0.00	0.00	0.00	0.00	0.00	0.00	0.00	0.00	0.00	0.00	0.00	0.00	1.00	static
118	a			none	0.00	0.00	1024.00	800.00	0.00	0.00	0.00	0.00	0.00	0.00	0.00	0.00	0.00	0.00	0.00	0.00	0.00	1.00	static
119	#text			inline	0.00	0.00	1024.00	800.00	0.00	0.00	0.00	0.00	0.00	0.00	0.00	0.00	0.00	0.00	0.00	0.00	0.00	1.00	static
120	a			none	0.00	0.00	1024.00	800.00	0.00	0.00	0.00	0.00	0.00	0.00	0.00	0.00	0.00	0.00	0.00	0.00	0.00	1.00	static
121	#text			inline	0.00	0.00	1024.00	800.00	0.00	0.00	0.00	0.00	0.00	0.00	0.00	0.00	0.00	0.00	0.00	0.00	0.00	1.00	static
122	a			none	0.00	0.00	1024.00	800.00	0.00	0.00	0.00	0.00	0.00	0.00	0.00	0.00	0.00	0.00	0.00	0.00	0.00	1.00	static
123	#text			inline	0.00	0.00	1024.00	800.00	0.00	0.00	0.00	0.00	0.00	0.00	0.00	0.00	0.00	0.00	0.00	0.00	0.00	1.00	static
124	a			none	0.00	0.00	1024.00	800.00	0.00	0.00	0.00	0.00	0.00	0.00	0.00	0.00	0.00	0.00	0.00	0.00	0.00	1.00	static
125	#text			inline	0.00	0.00	1024.00	800.00	0.00	0.00	0.00	0.00	0.00	0.00	0.00	0.00	0.00	0.00	0.00	0.00	0.00	1.00	static
126	a			none	0.00	0.00	1024.00	800.00	0.00	0.00	0.00	0.00	0.00	0.00	0.00	0.00	0.00	0.00	0.00	0.00	0.00	1.00	static
127	#text			inline	0.00	0.00	1024.00	800.00	0.00	0.00	0.00	0.00	0.00	0.00	0.00	0.00	0.00	0.00	0.00	0.00	0.00	1.00	static
128	a			none	0.00	0.00	1024.00	800.00	0.00	0.00	0.00	0.00	0.00	0.00	0.00	0.00	0.00	0.00	0.00	0.00	0.00	1.00	static
129	#text			inline	0.00	0.00	1024.00	800.00	0.00	0.00	0.00	0.00	0.00	0.00	0.00	0.00	0.00	0.00	0.00	0.00	0.00	1.00	static
130	div	copyright		none	0.00	0.00	1024.00	800.00	0.00	0.00	0.00	0.00	0.00	0.00	0.00	0.00	0.00	0.00	0.00	0.00	0.00	1.00	static
131	div			inline	0.00	0.00	1024.00	800.00	0.00	0.00	0.00	0.00	0.00	0.00	0.00	0.00	0.00	0.00	0.00	0.00	0.00	1.00	static
132	#text			inline	0.00	0.00	1024.00	800.00	0.00	0.00	0.00	0.00	0.00	0.00	0.00	0.00	0.00	0.00	0.00	0.00	0.00	1.00	static
133	div	home-page-skeleton		flex	0.00	56.00	1024.00	2429.00	56.00	0.00	0.00	0.00	0.00	0.00	0.00	0.00	0.00	0.00	0.00	0.00	0.00	1.00	relative
134	div	guide-skeleton		none	0.00	0.00	240.00	0.00	0.00	0.00	0.00	0.00	0.00	0.00	0.00	0.00	0.00	0.00	0.00	0.00	0.00	0.00	static
135	div	home-container-skeleton		other	0.00	56.00	1024.00	2429.00	0.00	0.00	0.00	0.00	0.00	0.00	0.00	0.00	0.00	0.00	0.00	0.00	0.00	1.00	static
136	div	home-chips		flex	0.00	56.00	1024.00	56.00	0.00	0.00	0.00	0.00	12.00	0.00	0.00	24.00	0.00	0.00	0.00	0.00	0.00	1.00	static
137	div	home-container-media		flex	0.00	130.00	1024.00	2355.00	18.00	0.00	0.00	0.00	0.00	16.00	0.00	16.00	0.00	0.00	0.00	0.00	0.00	1.00	static
138	div		rich-grid-media-skeleton	other	31.00	130.00	310.00	294.38	0.00	8.00	0.00	8.00	0.00	0.00	0.00	0.00	0.00	0.00	0.00	0.00	0.00	1.00	static
139	div		video-details	flex	31.00	130.00	310.00	294.38	0.00	0.00	0.00	0.00	0.00	0.00	40.00	0.00	0.00	0.00	0.00	0.00	0.00	1.00	static
140	div		rich-thumbnail skeleton-bg-color	other	31.00	130.00	310.00	174.38	0.00	0.00	0.00	0.00	0.00	0.00	0.00	0.00	0.00	0.00	0.00	0.00	0.00	1.00	relative
141	div		details	flex	31.00	304.38	310.00	80.00	0.00	0.00	0.00	0.00	0.00	0.00	0.00	0.00	0.00	0.00	0.00	0.00	0.00	1.00	static
142	div		channel-avatar skeleton-bg-color	other	31.00	316.38	36.00	68.00	12.00	12.00	0.00	0.00	0.00	0.00	0.00	0.00	0.00	0.00	0.00	0.00	0.00	1.00	static
143	div		details-text-shell	other	79.00	304.38	262.00	80.00	0.00	0.00	0.00	0.00	0.00	0.00	0.00	0.00	0.00	0.00	0.00	0.00	1.00	1.00	static
144	div		rich-video-title text-shell skeleton-bg-color	other	79.00	314.38	235.80	20.00	10.00	0.00	10.00	0.00	0.00	0.00	0.00	0.00	0.00	0.00	0.00	0.00	0.00	1.00	static
145	div		rich-video-meta text-shell skeleton-bg-color	other	79.00	354.38	157.20	20.00	10.00	0.00	10.00	0.00	0.00	0.00	0.00	0.00	0.00	0.00	0.00	0.00	0.00	1.00	static
146	div		rich-grid-media-skeleton	other	357.00	130.00	310.00	294.38	0.00	8.00	0.00	8.00	0.00	0.00	0.00	0.00	0.00	0.00	0.00	0.00	0.00	1.00	static
147	div		video-details	flex	357.00	130.00	310.00	294.38	0.00	0.00	0.00	0.00	0.00	0.00	40.00	0.00	0.00	0.00	0.00	0.00	0.00	1.00	static
148	div		rich-thumbnail skeleton-bg-color	other	357.00	130.00	310.00	174.38	0.00	0.00	0.00	0.00	0.00	0.00	0.00	0.00	0.00	0.00	0.00	0.00	0.00	1.00	relative
149	div		details	flex	357.00	304.38	310.00	80.00	0.00	0.00	0.00	0.00	0.00	0.00	0.00	0.00	0.00	0.00	0.00	0.00	0.00	1.00	static
150	div		channel-avatar skeleton-bg-color	other	357.00	316.38	36.00	68.00	12.00	12.00	0.00	0.00	0.00	0.00	0.00	0.00	0.00	0.00	0.00	0.00	0.00	1.00	static
151	div		details-text-shell	other	405.00	304.38	262.00	80.00	0.00	0.00	0.00	0.00	0.00	0.00	0.00	0.00	0.00	0.00	0.00	0.00	1.00	1.00	static
152	div		rich-video-title text-shell skeleton-bg-color	other	405.00	314.38	235.80	20.00	10.00	0.00	10.00	0.00	0.00	0.00	0.00	0.00	0.00	0.00	0.00	0.00	0.00	1.00	static
153	div		rich-video-meta text-shell skeleton-bg-color	other	405.00	354.38	157.20	20.00	10.00	0.00	10.00	0.00	0.00	0.00	0.00	0.00	0.00	0.00	0.00	0.00	0.00	1.00	static
154	div		rich-grid-media-skeleton	other	683.00	130.00	310.00	294.38	0.00	8.00	0.00	8.00	0.00	0.00	0.00	0.00	0.00	0.00	0.00	0.00	0.00	1.00	static
155	div		video-details	flex	683.00	130.00	310.00	294.38	0.00	0.00	0.00	0.00	0.00	0.00	40.00	0.00	0.00	0.00	0.00	0.00	0.00	1.00	static
156	div		rich-thumbnail skeleton-bg-color	other	683.00	130.00	310.00	174.38	0.00	0.00	0.00	0.00	0.00	0.00	0.00	0.00	0.00	0.00	0.00	0.00	0.00	1.00	relative
157	div		details	flex	683.00	304.38	310.00	80.00	0.00	0.00	0.00	0.00	0.00	0.00	0.00	0.00	0.00	0.00	0.00	0.00	0.00	1.00	static
158	div		channel-avatar skeleton-bg-color	other	683.00	316.38	36.00	68.00	12.00	12.00	0.00	0.00	0.00	0.00	0.00	0.00	0.00	0.00	0.00	0.00	0.00	1.00	static
159	div		details-text-shell	other	731.00	304.38	262.00	80.00	0.00	0.00	0.00	0.00	0.00	0.00	0.00	0.00	0.00	0.00	0.00	0.00	1.00	1.00	static
160	div		rich-video-title text-shell skeleton-bg-color	other	731.00	314.38	235.80	20.00	10.00	0.00	10.00	0.00	0.00	0.00	0.00	0.00	0.00	0.00	0.00	0.00	0.00	1.00	static
161	div		rich-video-meta text-shell skeleton-bg-color	other	731.00	354.38	157.20	20.00	10.00	0.00	10.00	0.00	0.00	0.00	0.00	0.00	0.00	0.00	0.00	0.00	0.00	1.00	static
162	div		rich-grid-media-skeleton	other	31.00	424.38	310.00	294.38	0.00	8.00	0.00	8.00	0.00	0.00	0.00	0.00	0.00	0.00	0.00	0.00	0.00	1.00	static
163	div		video-details	flex	31.00	424.38	310.00	294.38	0.00	0.00	0.00	0.00	0.00	0.00	40.00	0.00	0.00	0.00	0.00	0.00	0.00	1.00	static
164	div		rich-thumbnail skeleton-bg-color	other	31.00	424.38	310.00	174.38	0.00	0.00	0.00	0.00	0.00	0.00	0.00	0.00	0.00	0.00	0.00	0.00	0.00	1.00	relative
165	div		details	flex	31.00	598.75	310.00	80.00	0.00	0.00	0.00	0.00	0.00	0.00	0.00	0.00	0.00	0.00	0.00	0.00	0.00	1.00	static
166	div		channel-avatar skeleton-bg-color	other	31.00	610.75	36.00	68.00	12.00	12.00	0.00	0.00	0.00	0.00	0.00	0.00	0.00	0.00	0.00	0.00	0.00	1.00	static
167	div		details-text-shell	other	79.00	598.75	262.00	80.00	0.00	0.00	0.00	0.00	0.00	0.00	0.00	0.00	0.00	0.00	0.00	0.00	1.00	1.00	static
168	div		rich-video-title text-shell skeleton-bg-color	other	79.00	608.75	235.80	20.00	10.00	0.00	10.00	0.00	0.00	0.00	0.00	0.00	0.00	0.00	0.00	0.00	0.00	1.00	static
169	div		rich-video-meta text-shell skeleton-bg-color	other	79.00	648.75	157.20	20.00	10.00	0.00	10.00	0.00	0.00	0.00	0.00	0.00	0.00	0.00	0.00	0.00	0.00	1.00	static
170	div		rich-grid-media-skeleton	other	357.00	424.38	310.00	294.38	0.00	8.00	0.00	8.00	0.00	0.00	0.00	0.00	0.00	0.00	0.00	0.00	0.00	1.00	static
171	div		video-details	flex	357.00	424.38	310.00	294.38	0.00	0.00	0.00	0.00	0.00	0.00	40.00	0.00	0.00	0.00	0.00	0.00	0.00	1.00	static
172	div		rich-thumbnail skeleton-bg-color	other	357.00	424.38	310.00	174.38	0.00	0.00	0.00	0.00	0.00	0.00	0.00	0.00	0.00	0.00	0.00	0.00	0.00	1.00	relative
173	div		details	flex	357.00	598.75	310.00	80.00	0.00	0.00	0.00	0.00	0.00	0.00	0.00	0.00	0.00	0.00	0.00	0.00	0.00	1.00	static
174	div		channel-avatar skeleton-bg-color	other	357.00	610.75	36.00	68.00	12.00	12.00	0.00	0.00	0.00	0.00	0.00	0.00	0.00	0.00	0.00	0.00	0.00	1.00	static
175	div		details-text-shell	other	405.00	598.75	262.00	80.00	0.00	0.00	0.00	0.00	0.00	0.00	0.00	0.00	0.00	0.00	0.00	0.00	1.00	1.00	static
176	div		rich-video-title text-shell skeleton-bg-color	other	405.00	608.75	235.80	20.00	10.00	0.00	10.00	0.00	0.00	0.00	0.00	0.00	0.00	0.00	0.00	0.00	0.00	1.00	static
177	div		rich-video-meta text-shell skeleton-bg-color	other	405.00	648.75	157.20	20.00	10.00	0.00	10.00	0.00	0.00	0.00	0.00	0.00	0.00	0.00	0.00	0.00	0.00	1.00	static
178	div		rich-grid-media-skeleton	other	683.00	424.38	310.00	294.38	0.00	8.00	0.00	8.00	0.00	0.00	0.00	0.00	0.00	0.00	0.00	0.00	0.00	1.00	static
179	div		video-details	flex	683.00	424.38	310.00	294.38	0.00	0.00	0.00	0.00	0.00	0.00	40.00	0.00	0.00	0.00	0.00	0.00	0.00	1.00	static
180	div		rich-thumbnail skeleton-bg-color	other	683.00	424.38	310.00	174.38	0.00	0.00	0.00	0.00	0.00	0.00	0.00	0.00	0.00	0.00	0.00	0.00	0.00	1.00	relative
181	div		details	flex	683.00	598.75	310.00	80.00	0.00	0.00	0.00	0.00	0.00	0.00	0.00	0.00	0.00	0.00	0.00	0.00	0.00	1.00	static
182	div		channel-avatar skeleton-bg-color	other	683.00	610.75	36.00	68.00	12.00	12.00	0.00	0.00	0.00	0.00	0.00	0.00	0.00	0.00	0.00	0.00	0.00	1.00	static
183	div		details-text-shell	other	731.00	598.75	262.00	80.00	0.00	0.00	0.00	0.00	0.00	0.00	0.00	0.00	0.00	0.00	0.00	0.00	1.00	1.00	static
184	div		rich-video-title text-shell skeleton-bg-color	other	731.00	608.75	235.80	20.00	10.00	0.00	10.00	0.00	0.00	0.00	0.00	0.00	0.00	0.00	0.00	0.00	0.00	1.00	static
185	div		rich-video-meta text-shell skeleton-bg-color	other	731.00	648.75	157.20	20.00	10.00	0.00	10.00	0.00	0.00	0.00	0.00	0.00	0.00	0.00	0.00	0.00	0.00	1.00	static
186	div		rich-grid-media-skeleton	other	31.00	718.75	310.00	294.38	0.00	8.00	0.00	8.00	0.00	0.00	0.00	0.00	0.00	0.00	0.00	0.00	0.00	1.00	static
187	div		video-details	flex	31.00	718.75	310.00	294.38	0.00	0.00	0.00	0.00	0.00	0.00	40.00	0.00	0.00	0.00	0.00	0.00	0.00	1.00	static
188	div		rich-thumbnail skeleton-bg-color	other	31.00	718.75	310.00	174.38	0.00	0.00	0.00	0.00	0.00	0.00	0.00	0.00	0.00	0.00	0.00	0.00	0.00	1.00	relative
189	div		details	flex	31.00	893.12	310.00	80.00	0.00	0.00	0.00	0.00	0.00	0.00	0.00	0.00	0.00	0.00	0.00	0.00	0.00	1.00	static
190	div		channel-avatar skeleton-bg-color	other	31.00	905.12	36.00	68.00	12.00	12.00	0.00	0.00	0.00	0.00	0.00	0.00	0.00	0.00	0.00	0.00	0.00	1.00	static
191	div		details-text-shell	other	79.00	893.12	262.00	80.00	0.00	0.00	0.00	0.00	0.00	0.00	0.00	0.00	0.00	0.00	0.00	0.00	1.00	1.00	static
192	div		rich-video-title text-shell skeleton-bg-color	other	79.00	903.12	235.80	20.00	10.00	0.00	10.00	0.00	0.00	0.00	0.00	0.00	0.00	0.00	0.00	0.00	0.00	1.00	static
193	div		rich-video-meta text-shell skeleton-bg-color	other	79.00	943.12	157.20	20.00	10.00	0.00	10.00	0.00	0.00	0.00	0.00	0.00	0.00	0.00	0.00	0.00	0.00	1.00	static
194	div		rich-grid-media-skeleton	other	357.00	718.75	310.00	294.38	0.00	8.00	0.00	8.00	0.00	0.00	0.00	0.00	0.00	0.00	0.00	0.00	0.00	1.00	static
195	div		video-details	flex	357.00	718.75	310.00	294.38	0.00	0.00	0.00	0.00	0.00	0.00	40.00	0.00	0.00	0.00	0.00	0.00	0.00	1.00	static
196	div		rich-thumbnail skeleton-bg-color	other	357.00	718.75	310.00	174.38	0.00	0.00	0.00	0.00	0.00	0.00	0.00	0.00	0.00	0.00	0.00	0.00	0.00	1.00	relative
197	div		details	flex	357.00	893.12	310.00	80.00	0.00	0.00	0.00	0.00	0.00	0.00	0.00	0.00	0.00	0.00	0.00	0.00	0.00	1.00	static
198	div		channel-avatar skeleton-bg-color	other	357.00	905.12	36.00	68.00	12.00	12.00	0.00	0.00	0.00	0.00	0.00	0.00	0.00	0.00	0.00	0.00	0.00	1.00	static
199	div		details-text-shell	other	405.00	893.12	262.00	80.00	0.00	0.00	0.00	0.00	0.00	0.00	0.00	0.00	0.00	0.00	0.00	0.00	1.00	1.00	static
200	div		rich-video-title text-shell skeleton-bg-color	other	405.00	903.12	235.80	20.00	10.00	0.00	10.00	0.00	0.00	0.00	0.00	0.00	0.00	0.00	0.00	0.00	0.00	1.00	static
201	div		rich-video-meta text-shell skeleton-bg-color	other	405.00	943.12	157.20	20.00	10.00	0.00	10.00	0.00	0.00	0.00	0.00	0.00	0.00	0.00	0.00	0.00	0.00	1.00	static
202	div		rich-grid-media-skeleton	other	683.00	718.75	310.00	294.38	0.00	8.00	0.00	8.00	0.00	0.00	0.00	0.00	0.00	0.00	0.00	0.00	0.00	1.00	static
203	div		video-details	flex	683.00	718.75	310.00	294.38	0.00	0.00	0.00	0.00	0.00	0.00	40.00	0.00	0.00	0.00	0.00	0.00	0.00	1.00	static
204	div		rich-thumbnail skeleton-bg-color	other	683.00	718.75	310.00	174.38	0.00	0.00	0.00	0.00	0.00	0.00	0.00	0.00	0.00	0.00	0.00	0.00	0.00	1.00	relative
205	div		details	flex	683.00	893.12	310.00	80.00	0.00	0.00	0.00	0.00	0.00	0.00	0.00	0.00	0.00	0.00	0.00	0.00	0.00	1.00	static
206	div		channel-avatar skeleton-bg-color	other	683.00	905.12	36.00	68.00	12.00	12.00	0.00	0.00	0.00	0.00	0.00	0.00	0.00	0.00	0.00	0.00	0.00	1.00	static
207	div		details-text-shell	other	731.00	893.12	262.00	80.00	0.00	0.00	0.00	0.00	0.00	0.00	0.00	0.00	0.00	0.00	0.00	0.00	1.00	1.00	static
208	div		rich-video-title text-shell skeleton-bg-color	other	731.00	903.12	235.80	20.00	10.00	0.00	10.00	0.00	0.00	0.00	0.00	0.00	0.00	0.00	0.00	0.00	0.00	1.00	static
209	div		rich-video-meta text-shell skeleton-bg-color	other	731.00	943.12	157.20	20.00	10.00	0.00	10.00	0.00	0.00	0.00	0.00	0.00	0.00	0.00	0.00	0.00	0.00	1.00	static
210	div		rich-grid-media-skeleton	other	31.00	1013.12	310.00	294.38	0.00	8.00	0.00	8.00	0.00	0.00	0.00	0.00	0.00	0.00	0.00	0.00	0.00	1.00	static
211	div		video-details	flex	31.00	1013.12	310.00	294.38	0.00	0.00	0.00	0.00	0.00	0.00	40.00	0.00	0.00	0.00	0.00	0.00	0.00	1.00	static
212	div		rich-thumbnail skeleton-bg-color	other	31.00	1013.12	310.00	174.38	0.00	0.00	0.00	0.00	0.00	0.00	0.00	0.00	0.00	0.00	0.00	0.00	0.00	1.00	relative
213	div		details	flex	31.00	1187.50	310.00	80.00	0.00	0.00	0.00	0.00	0.00	0.00	0.00	0.00	0.00	0.00	0.00	0.00	0.00	1.00	static
214	div		channel-avatar skeleton-bg-color	other	31.00	1199.50	36.00	68.00	12.00	12.00	0.00	0.00	0.00	0.00	0.00	0.00	0.00	0.00	0.00	0.00	0.00	1.00	static
215	div		details-text-shell	other	79.00	1187.50	262.00	80.00	0.00	0.00	0.00	0.00	0.00	0.00	0.00	0.00	0.00	0.00	0.00	0.00	1.00	1.00	static
216	div		rich-video-title text-shell skeleton-bg-color	other	79.00	1197.50	235.80	20.00	10.00	0.00	10.00	0.00	0.00	0.00	0.00	0.00	0.00	0.00	0.00	0.00	0.00	1.00	static
217	div		rich-video-meta text-shell skeleton-bg-color	other	79.00	1237.50	157.20	20.00	10.00	0.00	10.00	0.00	0.00	0.00	0.00	0.00	0.00	0.00	0.00	0.00	0.00	1.00	static
218	div		rich-grid-media-skeleton	other	357.00	1013.12	310.00	294.38	0.00	8.00	0.00	8.00	0.00	0.00	0.00	0.00	0.00	0.00	0.00	0.00	0.00	1.00	static
219	div		video-details	flex	357.00	1013.12	310.00	294.38	0.00	0.00	0.00	0.00	0.00	0.00	40.00	0.00	0.00	0.00	0.00	0.00	0.00	1.00	static
220	div		rich-thumbnail skeleton-bg-color	other	357.00	1013.12	310.00	174.38	0.00	0.00	0.00	0.00	0.00	0.00	0.00	0.00	0.00	0.00	0.00	0.00	0.00	1.00	relative
221	div		details	flex	357.00	1187.50	310.00	80.00	0.00	0.00	0.00	0.00	0.00	0.00	0.00	0.00	0.00	0.00	0.00	0.00	0.00	1.00	static
222	div		channel-avatar skeleton-bg-color	other	357.00	1199.50	36.00	68.00	12.00	12.00	0.00	0.00	0.00	0.00	0.00	0.00	0.00	0.00	0.00	0.00	0.00	1.00	static
223	div		details-text-shell	other	405.00	1187.50	262.00	80.00	0.00	0.00	0.00	0.00	0.00	0.00	0.00	0.00	0.00	0.00	0.00	0.00	1.00	1.00	static
224	div		rich-video-title text-shell skeleton-bg-color	other	405.00	1197.50	235.80	20.00	10.00	0.00	10.00	0.00	0.00	0.00	0.00	0.00	0.00	0.00	0.00	0.00	0.00	1.00	static
225	div		rich-video-meta text-shell skeleton-bg-color	other	405.00	1237.50	157.20	20.00	10.00	0.00	10.00	0.00	0.00	0.00	0.00	0.00	0.00	0.00	0.00	0.00	0.00	1.00	static
226	div		rich-grid-media-skeleton	other	683.00	1013.12	310.00	294.38	0.00	8.00	0.00	8.00	0.00	0.00	0.00	0.00	0.00	0.00	0.00	0.00	0.00	1.00	static
227	div		video-details	flex	683.00	1013.12	310.00	294.38	0.00	0.00	0.00	0.00	0.00	0.00	40.00	0.00	0.00	0.00	0.00	0.00	0.00	1.00	static
228	div		rich-thumbnail skeleton-bg-color	other	683.00	1013.12	310.00	174.38	0.00	0.00	0.00	0.00	0.00	0.00	0.00	0.00	0.00	0.00	0.00	0.00	0.00	1.00	relative
229	div		details	flex	683.00	1187.50	310.00	80.00	0.00	0.00	0.00	0.00	0.00	0.00	0.00	0.00	0.00	0.00	0.00	0.00	0.00	1.00	static
230	div		channel-avatar skeleton-bg-color	other	683.00	1199.50	36.00	68.00	12.00	12.00	0.00	0.00	0.00	0.00	0.00	0.00	0.00	0.00	0.00	0.00	0.00	1.00	static
231	div		details-text-shell	other	731.00	1187.50	262.00	80.00	0.00	0.00	0.00	0.00	0.00	0.00	0.00	0.00	0.00	0.00	0.00	0.00	1.00	1.00	static
232	div		rich-video-title text-shell skeleton-bg-color	other	731.00	1197.50	235.80	20.00	10.00	0.00	10.00	0.00	0.00	0.00	0.00	0.00	0.00	0.00	0.00	0.00	0.00	1.00	static
233	div		rich-video-meta text-shell skeleton-bg-color	other	731.00	1237.50	157.20	20.00	10.00	0.00	10.00	0.00	0.00	0.00	0.00	0.00	0.00	0.00	0.00	0.00	0.00	1.00	static
234	div		rich-grid-media-skeleton	other	31.00	1307.50	310.00	294.38	0.00	8.00	0.00	8.00	0.00	0.00	0.00	0.00	0.00	0.00	0.00	0.00	0.00	1.00	static
235	div		video-details	flex	31.00	1307.50	310.00	294.38	0.00	0.00	0.00	0.00	0.00	0.00	40.00	0.00	0.00	0.00	0.00	0.00	0.00	1.00	static
236	div		rich-thumbnail skeleton-bg-color	other	31.00	1307.50	310.00	174.38	0.00	0.00	0.00	0.00	0.00	0.00	0.00	0.00	0.00	0.00	0.00	0.00	0.00	1.00	relative
237	div		details	flex	31.00	1481.88	310.00	80.00	0.00	0.00	0.00	0.00	0.00	0.00	0.00	0.00	0.00	0.00	0.00	0.00	0.00	1.00	static
238	div		channel-avatar skeleton-bg-color	other	31.00	1493.88	36.00	68.00	12.00	12.00	0.00	0.00	0.00	0.00	0.00	0.00	0.00	0.00	0.00	0.00	0.00	1.00	static
239	div		details-text-shell	other	79.00	1481.88	262.00	80.00	0.00	0.00	0.00	0.00	0.00	0.00	0.00	0.00	0.00	0.00	0.00	0.00	1.00	1.00	static
240	div		rich-video-title text-shell skeleton-bg-color	other	79.00	1491.88	235.80	20.00	10.00	0.00	10.00	0.00	0.00	0.00	0.00	0.00	0.00	0.00	0.00	0.00	0.00	1.00	static
241	div		rich-video-meta text-shell skeleton-bg-color	other	79.00	1531.88	157.20	20.00	10.00	0.00	10.00	0.00	0.00	0.00	0.00	0.00	0.00	0.00	0.00	0.00	0.00	1.00	static
242	div		rich-grid-media-skeleton	other	357.00	1307.50	310.00	294.38	0.00	8.00	0.00	8.00	0.00	0.00	0.00	0.00	0.00	0.00	0.00	0.00	0.00	1.00	static
243	div		video-details	flex	357.00	1307.50	310.00	294.38	0.00	0.00	0.00	0.00	0.00	0.00	40.00	0.00	0.00	0.00	0.00	0.00	0.00	1.00	static
244	div		rich-thumbnail skeleton-bg-color	other	357.00	1307.50	310.00	174.38	0.00	0.00	0.00	0.00	0.00	0.00	0.00	0.00	0.00	0.00	0.00	0.00	0.00	1.00	relative
245	div		details	flex	357.00	1481.88	310.00	80.00	0.00	0.00	0.00	0.00	0.00	0.00	0.00	0.00	0.00	0.00	0.00	0.00	0.00	1.00	static
246	div		channel-avatar skeleton-bg-color	other	357.00	1493.88	36.00	68.00	12.00	12.00	0.00	0.00	0.00	0.00	0.00	0.00	0.00	0.00	0.00	0.00	0.00	1.00	static
247	div		details-text-shell	other	405.00	1481.88	262.00	80.00	0.00	0.00	0.00	0.00	0.00	0.00	0.00	0.00	0.00	0.00	0.00	0.00	1.00	1.00	static
248	div		rich-video-title text-shell skeleton-bg-color	other	405.00	1491.88	235.80	20.00	10.00	0.00	10.00	0.00	0.00	0.00	0.00	0.00	0.00	0.00	0.00	0.00	0.00	1.00	static
249	div		rich-video-meta text-shell skeleton-bg-color	other	405.00	1531.88	157.20	20.00	10.00	0.00	10.00	0.00	0.00	0.00	0.00	0.00	0.00	0.00	0.00	0.00	0.00	1.00	static
250	div		rich-grid-media-skeleton	other	683.00	1307.50	310.00	294.38	0.00	8.00	0.00	8.00	0.00	0.00	0.00	0.00	0.00	0.00	0.00	0.00	0.00	1.00	static
251	div		video-details	flex	683.00	1307.50	310.00	294.38	0.00	0.00	0.00	0.00	0.00	0.00	40.00	0.00	0.00	0.00	0.00	0.00	0.00	1.00	static
252	div		rich-thumbnail skeleton-bg-color	other	683.00	1307.50	310.00	174.38	0.00	0.00	0.00	0.00	0.00	0.00	0.00	0.00	0.00	0.00	0.00	0.00	0.00	1.00	relative
253	div		details	flex	683.00	1481.88	310.00	80.00	0.00	0.00	0.00	0.00	0.00	0.00	0.00	0.00	0.00	0.00	0.00	0.00	0.00	1.00	static
254	div		channel-avatar skeleton-bg-color	other	683.00	1493.88	36.00	68.00	12.00	12.00	0.00	0.00	0.00	0.00	0.00	0.00	0.00	0.00	0.00	0.00	0.00	1.00	static
255	div		details-text-shell	other	731.00	1481.88	262.00	80.00	0.00	0.00	0.00	0.00	0.00	0.00	0.00	0.00	0.00	0.00	0.00	0.00	1.00	1.00	static
256	div		rich-video-title text-shell skeleton-bg-color	other	731.00	1491.88	235.80	20.00	10.00	0.00	10.00	0.00	0.00	0.00	0.00	0.00	0.00	0.00	0.00	0.00	0.00	1.00	static
257	div		rich-video-meta text-shell skeleton-bg-color	other	731.00	1531.88	157.20	20.00	10.00	0.00	10.00	0.00	0.00	0.00	0.00	0.00	0.00	0.00	0.00	0.00	0.00	1.00	static
258	div		rich-grid-media-skeleton	other	31.00	1601.88	310.00	294.38	0.00	8.00	0.00	8.00	0.00	0.00	0.00	0.00	0.00	0.00	0.00	0.00	0.00	1.00	static
259	div		video-details	flex	31.00	1601.88	310.00	294.38	0.00	0.00	0.00	0.00	0.00	0.00	40.00	0.00	0.00	0.00	0.00	0.00	0.00	1.00	static
260	div		rich-thumbnail skeleton-bg-color	other	31.00	1601.88	310.00	174.38	0.00	0.00	0.00	0.00	0.00	0.00	0.00	0.00	0.00	0.00	0.00	0.00	0.00	1.00	relative
261	div		details	flex	31.00	1776.25	310.00	80.00	0.00	0.00	0.00	0.00	0.00	0.00	0.00	0.00	0.00	0.00	0.00	0.00	0.00	1.00	static
262	div		channel-avatar skeleton-bg-color	other	31.00	1788.25	36.00	68.00	12.00	12.00	0.00	0.00	0.00	0.00	0.00	0.00	0.00	0.00	0.00	0.00	0.00	1.00	static
263	div		details-text-shell	other	79.00	1776.25	262.00	80.00	0.00	0.00	0.00	0.00	0.00	0.00	0.00	0.00	0.00	0.00	0.00	0.00	1.00	1.00	static
264	div		rich-video-title text-shell skeleton-bg-color	other	79.00	1786.25	235.80	20.00	10.00	0.00	10.00	0.00	0.00	0.00	0.00	0.00	0.00	0.00	0.00	0.00	0.00	1.00	static
265	div		rich-video-meta text-shell skeleton-bg-color	other	79.00	1826.25	157.20	20.00	10.00	0.00	10.00	0.00	0.00	0.00	0.00	0.00	0.00	0.00	0.00	0.00	0.00	1.00	static
266	div		rich-grid-media-skeleton	other	357.00	1601.88	310.00	294.38	0.00	8.00	0.00	8.00	0.00	0.00	0.00	0.00	0.00	0.00	0.00	0.00	0.00	1.00	static
267	div		video-details	flex	357.00	1601.88	310.00	294.38	0.00	0.00	0.00	0.00	0.00	0.00	40.00	0.00	0.00	0.00	0.00	0.00	0.00	1.00	static
268	div		rich-thumbnail skeleton-bg-color	other	357.00	1601.88	310.00	174.38	0.00	0.00	0.00	0.00	0.00	0.00	0.00	0.00	0.00	0.00	0.00	0.00	0.00	1.00	relative
269	div		details	flex	357.00	1776.25	310.00	80.00	0.00	0.00	0.00	0.00	0.00	0.00	0.00	0.00	0.00	0.00	0.00	0.00	0.00	1.00	static
270	div		channel-avatar skeleton-bg-color	other	357.00	1788.25	36.00	68.00	12.00	12.00	0.00	0.00	0.00	0.00	0.00	0.00	0.00	0.00	0.00	0.00	0.00	1.00	static
271	div		details-text-shell	other	405.00	1776.25	262.00	80.00	0.00	0.00	0.00	0.00	0.00	0.00	0.00	0.00	0.00	0.00	0.00	0.00	1.00	1.00	static
272	div		rich-video-title text-shell skeleton-bg-color	other	405.00	1786.25	235.80	20.00	10.00	0.00	10.00	0.00	0.00	0.00	0.00	0.00	0.00	0.00	0.00	0.00	0.00	1.00	static
273	div		rich-video-meta text-shell skeleton-bg-color	other	405.00	1826.25	157.20	20.00	10.00	0.00	10.00	0.00	0.00	0.00	0.00	0.00	0.00	0.00	0.00	0.00	0.00	1.00	static
274	div		rich-grid-media-skeleton	other	683.00	1601.88	310.00	294.38	0.00	8.00	0.00	8.00	0.00	0.00	0.00	0.00	0.00	0.00	0.00	0.00	0.00	1.00	static
275	div		video-details	flex	683.00	1601.88	310.00	294.38	0.00	0.00	0.00	0.00	0.00	0.00	40.00	0.00	0.00	0.00	0.00	0.00	0.00	1.00	static
276	div		rich-thumbnail skeleton-bg-color	other	683.00	1601.88	310.00	174.38	0.00	0.00	0.00	0.00	0.00	0.00	0.00	0.00	0.00	0.00	0.00	0.00	0.00	1.00	relative
277	div		details	flex	683.00	1776.25	310.00	80.00	0.00	0.00	0.00	0.00	0.00	0.00	0.00	0.00	0.00	0.00	0.00	0.00	0.00	1.00	static
278	div		channel-avatar skeleton-bg-color	other	683.00	1788.25	36.00	68.00	12.00	12.00	0.00	0.00	0.00	0.00	0.00	0.00	0.00	0.00	0.00	0.00	0.00	1.00	static
279	div		details-text-shell	other	731.00	1776.25	262.00	80.00	0.00	0.00	0.00	0.00	0.00	0.00	0.00	0.00	0.00	0.00	0.00	0.00	1.00	1.00	static
280	div		rich-video-title text-shell skeleton-bg-color	other	731.00	1786.25	235.80	20.00	10.00	0.00	10.00	0.00	0.00	0.00	0.00	0.00	0.00	0.00	0.00	0.00	0.00	1.00	static
281	div		rich-video-meta text-shell skeleton-bg-color	other	731.00	1826.25	157.20	20.00	10.00	0.00	10.00	0.00	0.00	0.00	0.00	0.00	0.00	0.00	0.00	0.00	0.00	1.00	static
282	div		rich-grid-media-skeleton	other	31.00	1896.25	310.00	294.38	0.00	8.00	0.00	8.00	0.00	0.00	0.00	0.00	0.00	0.00	0.00	0.00	0.00	1.00	static
283	div		video-details	flex	31.00	1896.25	310.00	294.38	0.00	0.00	0.00	0.00	0.00	0.00	40.00	0.00	0.00	0.00	0.00	0.00	0.00	1.00	static
284	div		rich-thumbnail skeleton-bg-color	other	31.00	1896.25	310.00	174.38	0.00	0.00	0.00	0.00	0.00	0.00	0.00	0.00	0.00	0.00	0.00	0.00	0.00	1.00	relative
285	div		details	flex	31.00	2070.62	310.00	80.00	0.00	0.00	0.00	0.00	0.00	0.00	0.00	0.00	0.00	0.00	0.00	0.00	0.00	1.00	static
286	div		channel-avatar skeleton-bg-color	other	31.00	2082.62	36.00	68.00	12.00	12.00	0.00	0.00	0.00	0.00	0.00	0.00	0.00	0.00	0.00	0.00	0.00	1.00	static
287	div		details-text-shell	other	79.00	2070.62	262.00	80.00	0.00	0.00	0.00	0.00	0.00	0.00	0.00	0.00	0.00	0.00	0.00	0.00	1.00	1.00	static
288	div		rich-video-title text-shell skeleton-bg-color	other	79.00	2080.62	235.80	20.00	10.00	0.00	10.00	0.00	0.00	0.00	0.00	0.00	0.00	0.00	0.00	0.00	0.00	1.00	static
289	div		rich-video-meta text-shell skeleton-bg-color	other	79.00	2120.62	157.20	20.00	10.00	0.00	10.00	0.00	0.00	0.00	0.00	0.00	0.00	0.00	0.00	0.00	0.00	1.00	static
290	div		rich-grid-media-skeleton	other	357.00	1896.25	310.00	294.38	0.00	8.00	0.00	8.00	0.00	0.00	0.00	0.00	0.00	0.00	0.00	0.00	0.00	1.00	static
291	div		video-details	flex	357.00	1896.25	310.00	294.38	0.00	0.00	0.00	0.00	0.00	0.00	40.00	0.00	0.00	0.00	0.00	0.00	0.00	1.00	static
292	div		rich-thumbnail skeleton-bg-color	other	357.00	1896.25	310.00	174.38	0.00	0.00	0.00	0.00	0.00	0.00	0.00	0.00	0.00	0.00	0.00	0.00	0.00	1.00	relative
293	div		details	flex	357.00	2070.62	310.00	80.00	0.00	0.00	0.00	0.00	0.00	0.00	0.00	0.00	0.00	0.00	0.00	0.00	0.00	1.00	static
294	div		channel-avatar skeleton-bg-color	other	357.00	2082.62	36.00	68.00	12.00	12.00	0.00	0.00	0.00	0.00	0.00	0.00	0.00	0.00	0.00	0.00	0.00	1.00	static
295	div		details-text-shell	other	405.00	2070.62	262.00	80.00	0.00	0.00	0.00	0.00	0.00	0.00	0.00	0.00	0.00	0.00	0.00	0.00	1.00	1.00	static
296	div		rich-video-title text-shell skeleton-bg-color	other	405.00	2080.62	235.80	20.00	10.00	0.00	10.00	0.00	0.00	0.00	0.00	0.00	0.00	0.00	0.00	0.00	0.00	1.00	static
297	div		rich-video-meta text-shell skeleton-bg-color	other	405.00	2120.62	157.20	20.00	10.00	0.00	10.00	0.00	0.00	0.00	0.00	0.00	0.00	0.00	0.00	0.00	0.00	1.00	static
298	div		rich-grid-media-skeleton	other	683.00	1896.25	310.00	294.38	0.00	8.00	0.00	8.00	0.00	0.00	0.00	0.00	0.00	0.00	0.00	0.00	0.00	1.00	static
299	div		video-details	flex	683.00	1896.25	310.00	294.38	0.00	0.00	0.00	0.00	0.00	0.00	40.00	0.00	0.00	0.00	0.00	0.00	0.00	1.00	static
300	div		rich-thumbnail skeleton-bg-color	other	683.00	1896.25	310.00	174.38	0.00	0.00	0.00	0.00	0.00	0.00	0.00	0.00	0.00	0.00	0.00	0.00	0.00	1.00	relative
301	div		details	flex	683.00	2070.62	310.00	80.00	0.00	0.00	0.00	0.00	0.00	0.00	0.00	0.00	0.00	0.00	0.00	0.00	0.00	1.00	static
302	div		channel-avatar skeleton-bg-color	other	683.00	2082.62	36.00	68.00	12.00	12.00	0.00	0.00	0.00	0.00	0.00	0.00	0.00	0.00	0.00	0.00	0.00	1.00	static
303	div		details-text-shell	other	731.00	2070.62	262.00	80.00	0.00	0.00	0.00	0.00	0.00	0.00	0.00	0.00	0.00	0.00	0.00	0.00	1.00	1.00	static
304	div		rich-video-title text-shell skeleton-bg-color	other	731.00	2080.62	235.80	20.00	10.00	0.00	10.00	0.00	0.00	0.00	0.00	0.00	0.00	0.00	0.00	0.00	0.00	1.00	static
305	div		rich-video-meta text-shell skeleton-bg-color	other	731.00	2120.62	157.20	20.00	10.00	0.00	10.00	0.00	0.00	0.00	0.00	0.00	0.00	0.00	0.00	0.00	0.00	1.00	static
306	div		rich-grid-media-skeleton	other	31.00	2190.62	310.00	294.38	0.00	8.00	0.00	8.00	0.00	0.00	0.00	0.00	0.00	0.00	0.00	0.00	0.00	1.00	static
307	div		video-details	flex	31.00	2190.62	310.00	294.38	0.00	0.00	0.00	0.00	0.00	0.00	40.00	0.00	0.00	0.00	0.00	0.00	0.00	1.00	static
308	div		rich-thumbnail skeleton-bg-color	other	31.00	2190.62	310.00	174.38	0.00	0.00	0.00	0.00	0.00	0.00	0.00	0.00	0.00	0.00	0.00	0.00	0.00	1.00	relative
309	div		details	flex	31.00	2365.00	310.00	80.00	0.00	0.00	0.00	0.00	0.00	0.00	0.00	0.00	0.00	0.00	0.00	0.00	0.00	1.00	static
310	div		channel-avatar skeleton-bg-color	other	31.00	2377.00	36.00	68.00	12.00	12.00	0.00	0.00	0.00	0.00	0.00	0.00	0.00	0.00	0.00	0.00	0.00	1.00	static
311	div		details-text-shell	other	79.00	2365.00	262.00	80.00	0.00	0.00	0.00	0.00	0.00	0.00	0.00	0.00	0.00	0.00	0.00	0.00	1.00	1.00	static
312	div		rich-video-title text-shell skeleton-bg-color	other	79.00	2375.00	235.80	20.00	10.00	0.00	10.00	0.00	0.00	0.00	0.00	0.00	0.00	0.00	0.00	0.00	0.00	1.00	static
313	div		rich-video-meta text-shell skeleton-bg-color	other	79.00	2415.00	157.20	20.00	10.00	0.00	10.00	0.00	0.00	0.00	0.00	0.00	0.00	0.00	0.00	0.00	0.00	1.00	static
314	div		rich-grid-media-skeleton	other	357.00	2190.62	310.00	294.38	0.00	8.00	0.00	8.00	0.00	0.00	0.00	0.00	0.00	0.00	0.00	0.00	0.00	1.00	static
315	div		video-details	flex	357.00	2190.62	310.00	294.38	0.00	0.00	0.00	0.00	0.00	0.00	40.00	0.00	0.00	0.00	0.00	0.00	0.00	1.00	static
316	div		rich-thumbnail skeleton-bg-color	other	357.00	2190.62	310.00	174.38	0.00	0.00	0.00	0.00	0.00	0.00	0.00	0.00	0.00	0.00	0.00	0.00	0.00	1.00	relative
317	div		details	flex	357.00	2365.00	310.00	80.00	0.00	0.00	0.00	0.00	0.00	0.00	0.00	0.00	0.00	0.00	0.00	0.00	0.00	1.00	static
318	div		channel-avatar skeleton-bg-color	other	357.00	2377.00	36.00	68.00	12.00	12.00	0.00	0.00	0.00	0.00	0.00	0.00	0.00	0.00	0.00	0.00	0.00	1.00	static
319	div		details-text-shell	other	405.00	2365.00	262.00	80.00	0.00	0.00	0.00	0.00	0.00	0.00	0.00	0.00	0.00	0.00	0.00	0.00	1.00	1.00	static
320	div		rich-video-title text-shell skeleton-bg-color	other	405.00	2375.00	235.80	20.00	10.00	0.00	10.00	0.00	0.00	0.00	0.00	0.00	0.00	0.00	0.00	0.00	0.00	1.00	static
321	div		rich-video-meta text-shell skeleton-bg-color	other	405.00	2415.00	157.20	20.00	10.00	0.00	10.00	0.00	0.00	0.00	0.00	0.00	0.00	0.00	0.00	0.00	0.00	1.00	static
322	div		rich-grid-media-skeleton	other	683.00	2190.62	310.00	294.38	0.00	8.00	0.00	8.00	0.00	0.00	0.00	0.00	0.00	0.00	0.00	0.00	0.00	1.00	static
323	div		video-details	flex	683.00	2190.62	310.00	294.38	0.00	0.00	0.00	0.00	0.00	0.00	40.00	0.00	0.00	0.00	0.00	0.00	0.00	1.00	static
324	div		rich-thumbnail skeleton-bg-color	other	683.00	2190.62	310.00	174.38	0.00	0.00	0.00	0.00	0.00	0.00	0.00	0.00	0.00	0.00	0.00	0.00	0.00	1.00	relative
325	div		details	flex	683.00	2365.00	310.00	80.00	0.00	0.00	0.00	0.00	0.00	0.00	0.00	0.00	0.00	0.00	0.00	0.00	0.00	1.00	static
326	div		channel-avatar skeleton-bg-color	other	683.00	2377.00	36.00	68.00	12.00	12.00	0.00	0.00	0.00	0.00	0.00	0.00	0.00	0.00	0.00	0.00	0.00	1.00	static
327	div		details-text-shell	other	731.00	2365.00	262.00	80.00	0.00	0.00	0.00	0.00	0.00	0.00	0.00	0.00	0.00	0.00	0.00	0.00	1.00	1.00	static
328	div		rich-video-title text-shell skeleton-bg-color	other	731.00	2375.00	235.80	20.00	10.00	0.00	10.00	0.00	0.00	0.00	0.00	0.00	0.00	0.00	0.00	0.00	0.00	1.00	static
329	div		rich-video-meta text-shell skeleton-bg-color	other	731.00	2415.00	157.20	20.00	10.00	0.00	10.00	0.00	0.00	0.00	0.00	0.00	0.00	0.00	0.00	0.00	0.00	1.00	static
330	script			other	0.00	56.00	1024.00	0.00	0.00	0.00	0.00	0.00	0.00	0.00	0.00	0.00	0.00	0.00	0.00	0.00	0.00	1.00	static
331	script			other	0.00	56.00	1024.00	0.00	0.00	0.00	0.00	0.00	0.00	0.00	0.00	0.00	0.00	0.00	0.00	0.00	0.00	1.00	static
332	script			other	0.00	56.00	1024.00	0.00	0.00	0.00	0.00	0.00	0.00	0.00	0.00	0.00	0.00	0.00	0.00	0.00	0.00	1.00	static
333	script			other	0.00	56.00	1024.00	0.00	0.00	0.00	0.00	0.00	0.00	0.00	0.00	0.00	0.00	0.00	0.00	0.00	0.00	1.00	static
334	script	base-js		other	0.00	56.00	1024.00	0.00	0.00	0.00	0.00	0.00	0.00	0.00	0.00	0.00	0.00	0.00	0.00	0.00	0.00	1.00	static
335	script			other	0.00	56.00	1024.00	0.00	0.00	0.00	0.00	0.00	0.00	0.00	0.00	0.00	0.00	0.00	0.00	0.00	0.00	1.00	static
336	script			other	0.00	56.00	1024.00	0.00	0.00	0.00	0.00	0.00	0.00	0.00	0.00	0.00	0.00	0.00	0.00	0.00	0.00	1.00	static
337	script			other	0.00	56.00	1024.00	0.00	0.00	0.00	0.00	0.00	0.00	0.00	0.00	0.00	0.00	0.00	0.00	0.00	0.00	1.00	static
338	script			other	0.00	56.00	1024.00	0.00	0.00	0.00	0.00	0.00	0.00	0.00	0.00	0.00	0.00	0.00	0.00	0.00	0.00	1.00	static
339	script			other	0.00	56.00	1024.00	0.00	0.00	0.00	0.00	0.00	0.00	0.00	0.00	0.00	0.00	0.00	0.00	0.00	0.00	1.00	static
340	script			other	0.00	56.00	1024.00	0.00	0.00	0.00	0.00	0.00	0.00	0.00	0.00	0.00	0.00	0.00	0.00	0.00	0.00	1.00	static
341	script			other	0.00	56.00	1024.00	0.00	0.00	0.00	0.00	0.00	0.00	0.00	0.00	0.00	0.00	0.00	0.00	0.00	0.00	1.00	static
342	link			other	0.00	56.00	1024.00	0.00	0.00	0.00	0.00	0.00	0.00	0.00	0.00	0.00	0.00	0.00	0.00	0.00	0.00	1.00	static
343	div	watch-page-skeleton	watch-skeleton  hidden	none	0.00	0.00	1024.00	239.00	0.00	0.00	0.00	0.00	0.00	0.00	0.00	0.00	0.00	0.00	0.00	0.00	0.00	1.00	relative
344	div	container		flex	0.00	0.00	1024.00	239.00	0.00	0.00	0.00	0.00	0.00	0.00	0.00	0.00	0.00	0.00	0.00	0.00	0.00	1.00	static
345	div	related		none	0.00	0.00	0.00	102.00	-720.00	0.00	0.00	0.00	0.00	0.00	0.00	24.00	0.00	0.00	0.00	0.00	0.00	1.00	relative
346	div		autoplay skeleton-light-border-bottom	other	24.00	0.00	0.00	102.00	0.00	0.00	0.00	0.00	0.00	0.00	0.00	0.00	0.00	0.00	0.00	0.00	0.00	1.00	static
347	div	upnext	skeleton-bg-color	none	0.00	0.00	120.00	20.00	0.00	0.00	14.00	0.00	0.00	0.00	0.00	0.00	0.00	0.00	0.00	0.00	0.00	1.00	static
348	div		video-skeleton	other	24.00	0.00	0.00	102.00	0.00	0.00	0.00	0.00	0.00	0.00	0.00	0.00	0.00	0.00	0.00	0.00	0.00	1.00	static
349	div		video-details	flex	24.00	0.00	0.00	102.00	0.00	0.00	0.00	0.00	0.00	0.00	8.00	0.00	0.00	0.00	0.00	0.00	0.00	1.00	static
350	div		thumbnail skeleton-bg-color	other	24.00	0.00	168.00	94.00	0.00	8.00	0.00	0.00	0.00	0.00	0.00	0.00	0.00	0.00	0.00	0.00	0.00	1.00	static
351	div		details flex-1	other	200.00	0.00	0.00	94.00	0.00	0.00	0.00	0.00	0.00	0.00	0.00	0.00	0.00	0.00	0.00	0.00	1.00	1.00	static
352	div		video-title text-shell skeleton-bg-color	other	200.00	0.00	200.00	20.00	0.00	0.00	12.00	0.00	0.00	0.00	0.00	0.00	0.00	0.00	0.00	0.00	0.00	1.00	static
353	div		video-meta text-shell skeleton-bg-color	other	200.00	32.00	120.00	20.00	0.00	0.00	0.00	0.00	0.00	0.00	0.00	0.00	0.00	0.00	0.00	0.00	0.00	1.00	static
354	div		video-skeleton	other	24.00	0.00	0.00	102.00	0.00	0.00	0.00	0.00	0.00	0.00	0.00	0.00	0.00	0.00	0.00	0.00	0.00	1.00	static
355	div		video-details	flex	24.00	0.00	0.00	102.00	0.00	0.00	0.00	0.00	0.00	0.00	8.00	0.00	0.00	0.00	0.00	0.00	0.00	1.00	static
356	div		thumbnail skeleton-bg-color	other	24.00	0.00	168.00	94.00	0.00	8.00	0.00	0.00	0.00	0.00	0.00	0.00	0.00	0.00	0.00	0.00	0.00	1.00	static
357	div		details flex-1	other	200.00	0.00	0.00	94.00	0.00	0.00	0.00	0.00	0.00	0.00	0.00	0.00	0.00	0.00	0.00	0.00	1.00	1.00	static
358	div		video-title text-shell skeleton-bg-color	other	200.00	0.00	200.00	20.00	0.00	0.00	12.00	0.00	0.00	0.00	0.00	0.00	0.00	0.00	0.00	0.00	0.00	1.00	static
359	div		video-meta text-shell skeleton-bg-color	other	200.00	32.00	120.00	20.00	0.00	0.00	0.00	0.00	0.00	0.00	0.00	0.00	0.00	0.00	0.00	0.00	0.00	1.00	static
360	div		video-skeleton	other	24.00	0.00	0.00	102.00	0.00	0.00	0.00	0.00	0.00	0.00	0.00	0.00	0.00	0.00	0.00	0.00	0.00	1.00	static
361	div		video-details	flex	24.00	0.00	0.00	102.00	0.00	0.00	0.00	0.00	0.00	0.00	8.00	0.00	0.00	0.00	0.00	0.00	0.00	1.00	static
362	div		thumbnail skeleton-bg-color	other	24.00	0.00	168.00	94.00	0.00	8.00	0.00	0.00	0.00	0.00	0.00	0.00	0.00	0.00	0.00	0.00	0.00	1.00	static
363	div		details flex-1	other	200.00	0.00	0.00	94.00	0.00	0.00	0.00	0.00	0.00	0.00	0.00	0.00	0.00	0.00	0.00	0.00	1.00	1.00	static
364	div		video-title text-shell skeleton-bg-color	other	200.00	0.00	200.00	20.00	0.00	0.00	12.00	0.00	0.00	0.00	0.00	0.00	0.00	0.00	0.00	0.00	0.00	1.00	static
365	div		video-meta text-shell skeleton-bg-color	other	200.00	32.00	120.00	20.00	0.00	0.00	0.00	0.00	0.00	0.00	0.00	0.00	0.00	0.00	0.00	0.00	0.00	1.00	static
366	div		video-skeleton	other	24.00	0.00	0.00	102.00	0.00	0.00	0.00	0.00	0.00	0.00	0.00	0.00	0.00	0.00	0.00	0.00	0.00	1.00	static
367	div		video-details	flex	24.00	0.00	0.00	102.00	0.00	0.00	0.00	0.00	0.00	0.00	8.00	0.00	0.00	0.00	0.00	0.00	0.00	1.00	static
368	div		thumbnail skeleton-bg-color	other	24.00	0.00	168.00	94.00	0.00	8.00	0.00	0.00	0.00	0.00	0.00	0.00	0.00	0.00	0.00	0.00	0.00	1.00	static
369	div		details flex-1	other	200.00	0.00	0.00	94.00	0.00	0.00	0.00	0.00	0.00	0.00	0.00	0.00	0.00	0.00	0.00	0.00	1.00	1.00	static
370	div		video-title text-shell skeleton-bg-color	other	200.00	0.00	200.00	20.00	0.00	0.00	12.00	0.00	0.00	0.00	0.00	0.00	0.00	0.00	0.00	0.00	0.00	1.00	static
371	div		video-meta text-shell skeleton-bg-color	other	200.00	32.00	120.00	20.00	0.00	0.00	0.00	0.00	0.00	0.00	0.00	0.00	0.00	0.00	0.00	0.00	0.00	1.00	static
372	div		video-skeleton	other	24.00	0.00	0.00	102.00	0.00	0.00	0.00	0.00	0.00	0.00	0.00	0.00	0.00	0.00	0.00	0.00	0.00	1.00	static
373	div		video-details	flex	24.00	0.00	0.00	102.00	0.00	0.00	0.00	0.00	0.00	0.00	8.00	0.00	0.00	0.00	0.00	0.00	0.00	1.00	static
374	div		thumbnail skeleton-bg-color	other	24.00	0.00	168.00	94.00	0.00	8.00	0.00	0.00	0.00	0.00	0.00	0.00	0.00	0.00	0.00	0.00	0.00	1.00	static
375	div		details flex-1	other	200.00	0.00	0.00	94.00	0.00	0.00	0.00	0.00	0.00	0.00	0.00	0.00	0.00	0.00	0.00	0.00	1.00	1.00	static
376	div		video-title text-shell skeleton-bg-color	other	200.00	0.00	200.00	20.00	0.00	0.00	12.00	0.00	0.00	0.00	0.00	0.00	0.00	0.00	0.00	0.00	0.00	1.00	static
377	div		video-meta text-shell skeleton-bg-color	other	200.00	32.00	120.00	20.00	0.00	0.00	0.00	0.00	0.00	0.00	0.00	0.00	0.00	0.00	0.00	0.00	0.00	1.00	static
378	div		video-skeleton	other	24.00	0.00	0.00	102.00	0.00	0.00	0.00	0.00	0.00	0.00	0.00	0.00	0.00	0.00	0.00	0.00	0.00	1.00	static
379	div		video-details	flex	24.00	0.00	0.00	102.00	0.00	0.00	0.00	0.00	0.00	0.00	8.00	0.00	0.00	0.00	0.00	0.00	0.00	1.00	static
380	div		thumbnail skeleton-bg-color	other	24.00	0.00	168.00	94.00	0.00	8.00	0.00	0.00	0.00	0.00	0.00	0.00	0.00	0.00	0.00	0.00	0.00	1.00	static
381	div		details flex-1	other	200.00	0.00	0.00	94.00	0.00	0.00	0.00	0.00	0.00	0.00	0.00	0.00	0.00	0.00	0.00	0.00	1.00	1.00	static
382	div		video-title text-shell skeleton-bg-color	other	200.00	0.00	200.00	20.00	0.00	0.00	12.00	0.00	0.00	0.00	0.00	0.00	0.00	0.00	0.00	0.00	0.00	1.00	static
383	div		video-meta text-shell skeleton-bg-color	other	200.00	32.00	120.00	20.00	0.00	0.00	0.00	0.00	0.00	0.00	0.00	0.00	0.00	0.00	0.00	0.00	0.00	1.00	static
384	div		video-skeleton	other	24.00	0.00	0.00	102.00	0.00	0.00	0.00	0.00	0.00	0.00	0.00	0.00	0.00	0.00	0.00	0.00	0.00	1.00	static
385	div		video-details	flex	24.00	0.00	0.00	102.00	0.00	0.00	0.00	0.00	0.00	0.00	8.00	0.00	0.00	0.00	0.00	0.00	0.00	1.00	static
386	div		thumbnail skeleton-bg-color	other	24.00	0.00	168.00	94.00	0.00	8.00	0.00	0.00	0.00	0.00	0.00	0.00	0.00	0.00	0.00	0.00	0.00	1.00	static
387	div		details flex-1	other	200.00	0.00	0.00	94.00	0.00	0.00	0.00	0.00	0.00	0.00	0.00	0.00	0.00	0.00	0.00	0.00	1.00	1.00	static
388	div		video-title text-shell skeleton-bg-color	other	200.00	0.00	200.00	20.00	0.00	0.00	12.00	0.00	0.00	0.00	0.00	0.00	0.00	0.00	0.00	0.00	0.00	1.00	static
389	div		video-meta text-shell skeleton-bg-color	other	200.00	32.00	120.00	20.00	0.00	0.00	0.00	0.00	0.00	0.00	0.00	0.00	0.00	0.00	0.00	0.00	0.00	1.00	static
390	div		video-skeleton	other	24.00	0.00	0.00	102.00	0.00	0.00	0.00	0.00	0.00	0.00	0.00	0.00	0.00	0.00	0.00	0.00	0.00	1.00	static
391	div		video-details	flex	24.00	0.00	0.00	102.00	0.00	0.00	0.00	0.00	0.00	0.00	8.00	0.00	0.00	0.00	0.00	0.00	0.00	1.00	static
392	div		thumbnail skeleton-bg-color	other	24.00	0.00	168.00	94.00	0.00	8.00	0.00	0.00	0.00	0.00	0.00	0.00	0.00	0.00	0.00	0.00	0.00	1.00	static
393	div		details flex-1	other	200.00	0.00	0.00	94.00	0.00	0.00	0.00	0.00	0.00	0.00	0.00	0.00	0.00	0.00	0.00	0.00	1.00	1.00	static
394	div		video-title text-shell skeleton-bg-color	other	200.00	0.00	200.00	20.00	0.00	0.00	12.00	0.00	0.00	0.00	0.00	0.00	0.00	0.00	0.00	0.00	0.00	1.00	static
395	div		video-meta text-shell skeleton-bg-color	other	200.00	32.00	120.00	20.00	0.00	0.00	0.00	0.00	0.00	0.00	0.00	0.00	0.00	0.00	0.00	0.00	0.00	1.00	static
396	div		video-skeleton	other	24.00	0.00	0.00	102.00	0.00	0.00	0.00	0.00	0.00	0.00	0.00	0.00	0.00	0.00	0.00	0.00	0.00	1.00	static
397	div		video-details	flex	24.00	0.00	0.00	102.00	0.00	0.00	0.00	0.00	0.00	0.00	8.00	0.00	0.00	0.00	0.00	0.00	0.00	1.00	static
398	div		thumbnail skeleton-bg-color	other	24.00	0.00	168.00	94.00	0.00	8.00	0.00	0.00	0.00	0.00	0.00	0.00	0.00	0.00	0.00	0.00	0.00	1.00	static
399	div		details flex-1	other	200.00	0.00	0.00	94.00	0.00	0.00	0.00	0.00	0.00	0.00	0.00	0.00	0.00	0.00	0.00	0.00	1.00	1.00	static
400	div		video-title text-shell skeleton-bg-color	other	200.00	0.00	200.00	20.00	0.00	0.00	12.00	0.00	0.00	0.00	0.00	0.00	0.00	0.00	0.00	0.00	0.00	1.00	static
401	div		video-meta text-shell skeleton-bg-color	other	200.00	32.00	120.00	20.00	0.00	0.00	0.00	0.00	0.00	0.00	0.00	0.00	0.00	0.00	0.00	0.00	0.00	1.00	static
402	div		video-skeleton	other	24.00	0.00	0.00	102.00	0.00	0.00	0.00	0.00	0.00	0.00	0.00	0.00	0.00	0.00	0.00	0.00	0.00	1.00	static
403	div		video-details	flex	24.00	0.00	0.00	102.00	0.00	0.00	0.00	0.00	0.00	0.00	8.00	0.00	0.00	0.00	0.00	0.00	0.00	1.00	static
404	div		thumbnail skeleton-bg-color	other	24.00	0.00	168.00	94.00	0.00	8.00	0.00	0.00	0.00	0.00	0.00	0.00	0.00	0.00	0.00	0.00	0.00	1.00	static
405	div		details flex-1	other	200.00	0.00	0.00	94.00	0.00	0.00	0.00	0.00	0.00	0.00	0.00	0.00	0.00	0.00	0.00	0.00	1.00	1.00	static
406	div		video-title text-shell skeleton-bg-color	other	200.00	0.00	200.00	20.00	0.00	0.00	12.00	0.00	0.00	0.00	0.00	0.00	0.00	0.00	0.00	0.00	0.00	1.00	static
407	div		video-meta text-shell skeleton-bg-color	other	200.00	32.00	120.00	20.00	0.00	0.00	0.00	0.00	0.00	0.00	0.00	0.00	0.00	0.00	0.00	0.00	0.00	1.00	static
408	div	info-container		other	0.00	0.00	1280.00	239.00	0.00	0.00	0.00	0.00	0.00	0.00	0.00	0.00	0.00	0.00	0.00	0.00	0.00	1.00	static
409	div	primary-info	skeleton-light-border-bottom	other	0.00	0.00	1280.00	80.00	0.00	0.00	0.00	0.00	20.00	0.00	8.00	0.00	0.00	0.00	0.00	0.00	0.00	1.00	static
410	div	title	text-shell skeleton-bg-color	other	0.00	20.00	400.00	20.00	0.00	0.00	12.00	0.00	0.00	0.00	0.00	0.00	0.00	0.00	0.00	0.00	0.00	1.00	static
411	div	info		flex	0.00	52.00	1280.00	20.00	0.00	0.00	0.00	0.00	0.00	0.00	0.00	0.00	0.00	0.00	0.00	0.00	0.00	1.00	static
412	div	count	text-shell skeleton-bg-color	other	0.00	52.00	200.00	20.00	0.00	0.00	0.00	0.00	0.00	0.00	0.00	0.00	0.00	0.00	0.00	0.00	0.00	1.00	static
413	div		flex-1	other	200.00	62.00	1080.00	0.00	0.00	0.00	0.00	0.00	0.00	0.00	0.00	0.00	0.00	0.00	0.00	0.00	1.00	1.00	static
414	div	menu		flex	1280.00	52.00	0.00	20.00	0.00	0.00	0.00	0.00	0.00	8.00	0.00	0.00	0.00	0.00	0.00	0.00	0.00	1.00	static
415	div		menu-button skeleton-bg-color	other	1300.00	52.00	20.00	20.00	0.00	0.00	0.00	20.00	0.00	0.00	0.00	0.00	0.00	0.00	0.00	0.00	0.00	1.00	static
416	div		menu-button skeleton-bg-color	other	1340.00	52.00	20.00	20.00	0.00	0.00	0.00	20.00	0.00	0.00	0.00	0.00	0.00	0.00	0.00	0.00	0.00	1.00	static
417	div		menu-button skeleton-bg-color	other	1380.00	52.00	20.00	20.00	0.00	0.00	0.00	20.00	0.00	0.00	0.00	0.00	0.00	0.00	0.00	0.00	0.00	1.00	static
418	div		menu-button skeleton-bg-color	other	1420.00	52.00	20.00	20.00	0.00	0.00	0.00	20.00	0.00	0.00	0.00	0.00	0.00	0.00	0.00	0.00	0.00	1.00	static
419	div		menu-button skeleton-bg-color	other	1460.00	52.00	20.00	20.00	0.00	0.00	0.00	20.00	0.00	0.00	0.00	0.00	0.00	0.00	0.00	0.00	0.00	1.00	static
420	div	secondary-info	skeleton-light-border-bottom	other	0.00	80.00	1280.00	151.00	0.00	0.00	24.00	0.00	16.00	0.00	16.00	0.00	0.00	0.00	0.00	0.00	0.00	1.00	static
421	div	top-row		flex	0.00	96.00	1280.00	48.00	0.00	0.00	0.00	0.00	0.00	0.00	0.00	0.00	0.00	0.00	0.00	0.00	0.00	1.00	static
422	div	video-owner	flex-1	flex	0.00	96.00	1139.00	48.00	0.00	0.00	0.00	0.00	0.00	0.00	0.00	0.00	0.00	0.00	0.00	0.00	1.00	1.00	static
423	div	channel-icon	skeleton-bg-color	other	0.00	96.00	-16.00	48.00	0.00	16.00	0.00	0.00	0.00	0.00	0.00	0.00	0.00	0.00	0.00	0.00	0.00	1.00	static
424	div	upload-info	flex-1	flex	0.00	96.00	1139.00	48.00	0.00	0.00	0.00	0.00	0.00	0.00	0.00	0.00	0.00	0.00	0.00	0.00	1.00	1.00	static
425	div	owner-name	text-shell skeleton-bg-color	other	0.00	96.00	200.00	18.00	0.00	0.00	12.00	0.00	0.00	0.00	0.00	0.00	0.00	0.00	0.00	0.00	0.00	1.00	static
426	div	published-date	text-shell skeleton-bg-color	other	0.00	126.00	200.00	18.00	0.00	0.00	0.00	0.00	0.00	0.00	0.00	0.00	0.00	0.00	0.00	0.00	0.00	1.00	static
427	div	subscribe-button	skeleton-bg-color	other	1139.00	103.00	137.00	41.00	7.00	4.00	0.00	0.00	0.00	0.00	0.00	0.00	0.00	0.00	0.00	0.00	0.00	1.00	static
428	script			other	0.00	56.00	1024.00	0.00	0.00	0.00	0.00	0.00	0.00	0.00	0.00	0.00	0.00	0.00	0.00	0.00	0.00	1.00	static
429	script			other	0.00	56.00	1024.00	0.00	0.00	0.00	0.00	0.00	0.00	0.00	0.00	0.00	0.00	0.00	0.00	0.00	0.00	1.00	static
430	script			other	0.00	56.00	1024.00	0.00	0.00	0.00	0.00	0.00	0.00	0.00	0.00	0.00	0.00	0.00	0.00	0.00	0.00	1.00	static
